0 -1.014503 0.210351
0 -0.504016 0.831145
1 0.490497 0.662492
1 -0.875902 0.024399
0 -0.018019 -1.011754
1 0.801984 0.168005
1 0.410531 -0.787885
0 -0.424876 0.909215
1 0.448575 0.672841
1 -0.589536 0.555074
1 -0.717673 -0.283411
1 0.681894 0.315334
0 -0.334689 -0.847114
0 0.879681 0.455973
0 0.963988 0.045505
0 -0.941628 0.164791
0 0.611221 -0.749195
0 0.318503 -1.005023
1 0.117534 -0.746344
1 -0.369225 -0.654224
0 -0.873885 0.452937
1 -0.793676 0.108734
1 -0.156062 -0.776403
0 0.507868 -0.832398
0 -0.930005 -0.318516
0 0.930979 -0.432805
0 0.961408 0.396730
0 0.430569 -0.864669
1 0.678474 0.547739
1 -0.540038 0.582815
1 -0.366345 -0.764181
0 -0.994489 -0.143390
1 -0.040783 -0.808573
0 -0.151641 0.960987
0 -0.974695 -0.194468
1 0.501099 -0.653844
1 -0.513056 -0.589977
0 0.529794 0.772863
1 -0.352138 0.729694
1 0.161262 -0.744697
0 0.023636 -0.919791
1 -0.592751 -0.529502
0 -0.812011 -0.500823
1 0.604181 -0.490305
0 -0.717687 0.651691
0 -0.325950 0.940888
0 0.343068 1.046506
0 -0.376598 -0.875357
0 -0.680251 0.792499
1 0.670545 0.337366
1 0.259627 -0.719463
0 0.953603 0.318275
0 0.378278 0.930503
0 0.758013 -0.640047
0 0.837291 0.615210
1 -0.762071 -0.412025
0 0.946269 0.155764
0 0.676131 0.798704
1 -0.778441 0.263548
1 0.764478 0.222411
0 0.894323 -0.288200
1 -0.684986 0.449732
1 -0.279765 0.763114
0 -0.667430 -0.726263
1 -0.808602 0.084313
0 0.906490 -0.526546
1 0.756444 -0.200992
1 -0.695469 0.401868
0 0.084248 0.972281
1 0.407800 0.751952
1 -0.142800 0.771385
1 -0.622549 -0.521034
0 -0.899812 -0.587690
0 0.660426 -0.672687
1 -0.213644 -0.681580
0 0.710111 0.683107
0 0.178218 0.981434
0 0.202902 -1.046252
0 -0.563166 -0.861070
1 0.575882 0.551303
1 -0.757632 -0.220241
0 1.004062 -0.083707
1 0.774024 -0.021496
1 0.259978 0.731929
1 0.690761 -0.445365
0 -0.913744 0.388481
0 -0.120366 0.979241
1 -0.340247 0.628983
1 0.000727 0.820937
0 -0.727297 -0.719871
1 -0.800933 -0.092143
0 -0.824100 0.592450
1 0.814628 -0.083099
1 0.813308 -0.265282
1 0.186728 0.831449
0 -0.949615 0.004327
1 0.519892 -0.590943
1 -0.100509 0.835025
1 0.629223 -0.477174
0 -0.216828 -1.008130
